0 0.043457 0.083496 0.051758 0.051758
0 0.532227 0.488281 0.046875 0.046875
0 0.584473 0.456055 0.041992 0.060547
0 0.662598 0.106934 0.069336 0.075195
0 0.366211 0.296387 0.058594 0.036133
0 0.852539 0.615723 0.052734 0.055664
0 0.187500 0.243164 0.066406 0.060547
0 0.599609 0.080566 0.052734 0.057617
0 0.760742 0.181152 0.058594 0.057617
0 0.179688 0.094238 0.070312 0.053711
0 0.215332 0.307129 0.043945 0.057617
0 0.311035 0.901855 0.055664 0.059570
0 0.212891 0.831543 0.052734 0.057617
0 0.879395 0.323242 0.059570 0.068359
0 0.712402 0.167480 0.053711 0.055664
0 0.556641 0.159668 0.056641 0.051758
0 0.897461 0.117188 0.050781 0.064453
0 0.086426 0.081543 0.051758 0.051758
0 0.845215 0.846680 0.038086 0.054688
0 0.579102 0.731445 0.066406 0.060547
0 0.366211 0.479980 0.064453 0.065430
0 0.289551 0.800293 0.057617 0.057617
0 0.742676 0.756348 0.059570 0.069336
0 0.949707 0.273926 0.041992 0.043945
0 0.570312 0.822754 0.048828 0.049805
0 0.039551 0.923340 0.057617 0.057617
0 0.689941 0.877441 0.055664 0.057617
0 0.631348 0.351074 0.049805 0.067383
0 0.302734 0.065430 0.060547 0.039062
0 0.453613 0.550293 0.069336 0.053711
0 0.275879 0.131836 0.055664 0.083984
0 0.125977 0.040527 0.037109 0.061523
0 0.790527 0.634277 0.067383 0.067383
0 0.633301 0.815430 0.057617 0.056641
0 0.454102 0.078613 0.050781 0.036133
0 0.221191 0.478027 0.067383 0.061523
0 0.365723 0.719238 0.071289 0.049805
0 0.261719 0.752441 0.068359 0.067383
0 0.172852 0.432129 0.037109 0.049805
0 0.572754 0.656738 0.063477 0.045898
0 0.311035 0.448730 0.040039 0.059570
0 0.165527 0.854004 0.065430 0.065430
0 0.959473 0.670410 0.059570 0.065430
0 0.343262 0.831543 0.051758 0.059570
0 0.146484 0.620117 0.062500 0.062500
0 0.719727 0.933105 0.042969 0.061523
0 0.924316 0.489746 0.034180 0.059570
0 0.687500 0.220703 0.042969 0.048828
0 0.108887 0.137695 0.059570 0.042969
0 0.349121 0.207031 0.065430 0.060547
0 0.860352 0.672363 0.072266 0.071289
0 0.675781 0.442383 0.050781 0.070312
0 0.942383 0.956543 0.070312 0.055664
0 0.313477 0.608398 0.052734 0.058594
0 0.083008 0.689453 0.054688 0.064453
0 0.397949 0.887695 0.047852 0.052734
0 0.059082 0.811035 0.049805 0.049805
0 0.255371 0.636230 0.040039 0.071289
0 0.498535 0.531738 0.049805 0.051758
0 0.826172 0.349609 0.062500 0.042969
0 0.449707 0.035156 0.049805 0.052734
0 0.799316 0.715332 0.043945 0.069336
0 0.770020 0.522949 0.073242 0.063477
0 0.849609 0.473145 0.066406 0.065430
0 0.389648 0.394043 0.066406 0.061523
0 0.369141 0.562012 0.072266 0.043945
0 0.732910 0.636230 0.057617 0.059570
0 0.497070 0.284668 0.058594 0.051758
0 0.267578 0.299805 0.072266 0.070312
0 0.100098 0.385254 0.043945 0.057617
0 0.708984 0.057617 0.039062 0.060547
0 0.699219 0.702148 0.054688 0.064453
0 0.487305 0.450195 0.064453 0.058594
0 0.813477 0.757324 0.058594 0.083008
0 0.938965 0.325195 0.063477 0.056641
0 0.165039 0.739746 0.048828 0.051758
0 0.522461 0.366211 0.060547 0.066406
0 0.530762 0.246094 0.057617 0.050781
0 0.122070 0.480469 0.076172 0.070312
0 0.399414 0.657227 0.050781 0.046875
0 0.254395 0.069824 0.065430 0.061523
0 0.643066 0.046875 0.067383 0.068359
0 0.111328 0.762695 0.046875 0.048828
0 0.690918 0.518555 0.067383 0.070312
0 0.071777 0.426270 0.069336 0.075195
0 0.356445 0.336426 0.064453 0.055664
0 0.445801 0.746582 0.069336 0.073242
0 0.663086 0.313477 0.054688 0.042969
0 0.823242 0.922852 0.056641 0.076172
0 0.568848 0.211914 0.061523 0.062500
0 0.790527 0.285156 0.063477 0.076172
0 0.151367 0.391602 0.046875 0.041016
0 0.191895 0.529785 0.057617 0.057617
0 0.157227 0.300293 0.080078 0.071289
0 0.705078 0.324219 0.046875 0.037109
0 0.791504 0.063477 0.055664 0.064453
0 0.238281 0.346680 0.060547 0.062500
0 0.709961 0.271973 0.068359 0.057617
0 0.754395 0.390137 0.055664 0.063477
0 0.964844 0.889160 0.042969 0.051758
0 0.551270 0.878418 0.061523 0.067383
0 0.198730 0.394531 0.061523 0.060547
0 0.120605 0.909668 0.069336 0.057617
0 0.684570 0.641113 0.048828 0.073242
0 0.804688 0.169434 0.072266 0.075195
0 0.263672 0.202637 0.062500 0.047852
0 0.264648 0.553711 0.050781 0.060547
0 0.131348 0.543457 0.057617 0.049805
0 0.908691 0.375488 0.065430 0.053711
0 0.477051 0.184570 0.057617 0.044922
0 0.911133 0.871094 0.056641 0.058594
0 0.592285 0.315918 0.053711 0.061523
0 0.306152 0.658691 0.061523 0.059570
0 0.332031 0.162109 0.046875 0.044922