0 0.591309 0.339355 0.071289 0.067383
0 0.719238 0.131836 0.061523 0.070312
0 0.831055 0.636719 0.074219 0.056641
0 0.053711 0.450195 0.070312 0.064453
0 0.833984 0.168457 0.070312 0.069336
0 0.159668 0.435547 0.061523 0.056641
0 0.127930 0.105957 0.070312 0.073242
0 0.680176 0.411133 0.057617 0.042969
0 0.195801 0.887207 0.063477 0.049805
0 0.257324 0.787109 0.075195 0.076172
0 0.485840 0.767090 0.057617 0.038086
0 0.144043 0.361328 0.075195 0.048828
0 0.832520 0.588867 0.069336 0.064453
0 0.322266 0.474121 0.052734 0.055664
0 0.089844 0.922852 0.064453 0.064453
0 0.697754 0.242676 0.071289 0.077148
0 0.832520 0.763672 0.055664 0.056641
0 0.368164 0.787598 0.062500 0.059570
0 0.492188 0.417480 0.066406 0.040039
0 0.861816 0.471191 0.047852 0.047852
0 0.445312 0.336426 0.054688 0.051758
0 0.255371 0.934570 0.047852 0.052734
0 0.583984 0.109863 0.062500 0.059570