0 0.101562 0.051270 0.048828 0.038086
0 0.531738 0.664551 0.069336 0.067383
0 0.359863 0.641602 0.047852 0.072266
0 0.235840 0.491699 0.049805 0.051758
0 0.105957 0.493652 0.069336 0.059570
0 0.680664 0.229980 0.062500 0.061523
0 0.475586 0.894531 0.058594 0.064453
0 0.578613 0.692871 0.059570 0.063477
0 0.577637 0.263672 0.045898 0.054688
0 0.368164 0.896484 0.054688 0.058594
0 0.932617 0.759766 0.062500 0.062500
0 0.861328 0.093750 0.054688 0.056641
0 0.476562 0.365723 0.066406 0.057617
0 0.937012 0.249512 0.043945 0.067383
0 0.919434 0.809082 0.063477 0.053711
0 0.231445 0.699707 0.068359 0.075195
0 0.514648 0.419922 0.041016 0.046875
0 0.046387 0.063477 0.061523 0.052734
0 0.519531 0.122559 0.062500 0.063477
0 0.670410 0.726562 0.053711 0.060547
0 0.393555 0.700195 0.074219 0.068359
0 0.622559 0.505859 0.047852 0.046875
0 0.818359 0.051270 0.072266 0.075195
0 0.376953 0.307129 0.070312 0.059570
0 0.670410 0.589844 0.049805 0.076172
0 0.689941 0.133301 0.041992 0.065430
0 0.411621 0.761230 0.053711 0.075195
0 0.626953 0.114746 0.064453 0.063477
0 0.805664 0.286133 0.056641 0.056641
0 0.879395 0.210449 0.061523 0.047852
0 0.923340 0.566895 0.045898 0.059570
0 0.349609 0.451660 0.058594 0.063477
0 0.142578 0.779785 0.058594 0.057617
0 0.737793 0.540039 0.071289 0.064453
0 0.854004 0.245605 0.049805 0.081055
0 0.313965 0.489746 0.057617 0.057617
0 0.613281 0.644531 0.066406 0.068359
0 0.241211 0.536621 0.076172 0.065430
0 0.284668 0.423340 0.065430 0.061523
0 0.950195 0.393066 0.062500 0.041992
0 0.733887 0.961914 0.051758 0.046875
0 0.737305 0.244629 0.064453 0.075195
0 0.412109 0.482910 0.054688 0.055664
0 0.860840 0.493164 0.036133 0.058594
0 0.881836 0.854980 0.054688 0.055664
0 0.299805 0.615234 0.048828 0.050781
0 0.824707 0.503418 0.067383 0.067383
0 0.156250 0.074707 0.078125 0.071289
0 0.148438 0.171875 0.072266 0.068359
0 0.532715 0.075195 0.061523 0.066406
0 0.175293 0.318848 0.075195 0.051758
0 0.792969 0.634277 0.064453 0.077148
0 0.846191 0.954102 0.059570 0.066406
0 0.467285 0.523926 0.055664 0.065430
0 0.914551 0.090820 0.055664 0.054688
0 0.222168 0.364258 0.065430 0.054688
0 0.175781 0.918457 0.060547 0.069336
0 0.066406 0.562012 0.072266 0.049805
0 0.878906 0.750000 0.060547 0.060547
0 0.719238 0.664551 0.040039 0.071289
0 0.462402 0.043945 0.063477 0.056641
0 0.722168 0.054688 0.049805 0.046875
0 0.120605 0.369629 0.073242 0.049805
0 0.735352 0.715332 0.054688 0.069336
0 0.364258 0.155762 0.056641 0.040039
0 0.100098 0.866699 0.047852 0.051758
0 0.718750 0.418945 0.080078 0.070312
0 0.113770 0.932617 0.061523 0.074219
0 0.531738 0.214844 0.047852 0.052734
0 0.872070 0.292969 0.048828 0.052734
0 0.304199 0.910156 0.061523 0.048828
0 0.080078 0.286133 0.054688 0.048828
0 0.295898 0.795410 0.064453 0.055664
0 0.466797 0.468750 0.070312 0.044922
0 0.578125 0.495605 0.058594 0.049805
0 0.259277 0.341797 0.059570 0.052734
0 0.050293 0.125000 0.061523 0.070312
0 0.063965 0.776367 0.059570 0.048828
0 0.614258 0.894531 0.062500 0.052734
0 0.049805 0.324219 0.062500 0.058594
0 0.585449 0.316895 0.057617 0.059570
0 0.667480 0.274902 0.055664 0.055664
0 0.425781 0.372070 0.056641 0.060547
0 0.916016 0.900879 0.070312 0.077148
0 0.255371 0.297363 0.069336 0.061523
0 0.453125 0.793945 0.056641 0.064453
0 0.458496 0.094238 0.057617 0.061523
0 0.035645 0.477539 0.049805 0.046875
0 0.823730 0.343750 0.053711 0.068359
0 0.688965 0.189941 0.069336 0.047852
0 0.130859 0.677246 0.062500 0.063477
0 0.514160 0.751465 0.049805 0.057617
0 0.287109 0.871582 0.054688 0.071289