0 0.291016 0.914062 0.054688 0.062500
0 0.611816 0.248047 0.053711 0.050781
0 0.569336 0.882324 0.054688 0.053711
0 0.842285 0.316895 0.057617 0.059570
0 0.883789 0.943848 0.068359 0.065430
0 0.291016 0.823242 0.052734 0.062500
0 0.735352 0.708496 0.056641 0.071289
0 0.681641 0.672363 0.041016 0.059570
0 0.319336 0.572266 0.064453 0.056641
0 0.553711 0.573730 0.056641 0.059570
0 0.483398 0.903809 0.056641 0.057617
0 0.135254 0.631348 0.063477 0.065430
0 0.437988 0.296875 0.069336 0.064453
0 0.398438 0.417480 0.056641 0.040039
0 0.117676 0.198242 0.038086 0.048828
0 0.261719 0.131348 0.083984 0.061523
0 0.403809 0.196777 0.053711 0.055664
0 0.313965 0.299805 0.075195 0.064453
0 0.757812 0.471680 0.070312 0.062500
0 0.749023 0.962402 0.058594 0.045898
0 0.887207 0.429199 0.053711 0.049805
0 0.477051 0.699219 0.069336 0.078125
0 0.291016 0.380859 0.054688 0.062500
0 0.585938 0.722168 0.068359 0.057617
0 0.166016 0.189453 0.074219 0.068359
0 0.444336 0.369629 0.070312 0.065430
0 0.789551 0.311523 0.057617 0.056641
0 0.851562 0.199219 0.058594 0.068359
0 0.724609 0.882324 0.068359 0.073242
0 0.920410 0.333984 0.038086 0.054688
0 0.713867 0.124023 0.054688 0.056641
0 0.964844 0.452148 0.046875 0.048828
0 0.170898 0.794922 0.064453 0.062500
0 0.539062 0.298828 0.054688 0.054688
0 0.711914 0.072266 0.056641 0.068359
0 0.886230 0.246582 0.053711 0.053711
0 0.337891 0.466309 0.050781 0.053711
0 0.196777 0.327637 0.067383 0.061523
0 0.105957 0.350098 0.051758 0.051758
0 0.561523 0.623047 0.068359 0.058594
0 0.613281 0.362793 0.052734 0.067383
0 0.380859 0.293457 0.064453 0.049805
0 0.956055 0.312988 0.048828 0.038086
0 0.958496 0.612305 0.059570 0.060547
0 0.373535 0.696777 0.057617 0.057617
0 0.960449 0.834473 0.065430 0.045898
0 0.101562 0.240234 0.054688 0.056641
0 0.533203 0.458984 0.070312 0.078125
0 0.338379 0.055176 0.055664 0.051758
0 0.220215 0.742676 0.055664 0.059570
0 0.900391 0.469727 0.070312 0.066406
0 0.088379 0.691406 0.061523 0.054688
0 0.797852 0.680176 0.066406 0.071289
0 0.883789 0.836426 0.056641 0.055664
0 0.804688 0.229980 0.054688 0.061523
0 0.463867 0.836426 0.054688 0.055664
0 0.761719 0.798828 0.056641 0.056641
0 0.666992 0.552734 0.060547 0.052734
0 0.469238 0.620605 0.061523 0.041992
0 0.653809 0.048828 0.067383 0.064453
0 0.662598 0.238281 0.043945 0.048828
0 0.906250 0.537109 0.064453 0.072266
0 0.486816 0.343262 0.067383 0.055664
0 0.373535 0.550781 0.053711 0.064453
0 0.792969 0.620605 0.060547 0.067383
0 0.706055 0.948730 0.056641 0.067383
0 0.533691 0.345215 0.036133 0.057617
0 0.948730 0.270996 0.051758 0.045898
0 0.557617 0.181641 0.050781 0.050781
0 0.745605 0.329102 0.055664 0.052734
0 0.230469 0.846191 0.056641 0.055664
0 0.335938 0.812500 0.080078 0.068359
0 0.618652 0.567871 0.073242 0.055664
0 0.473633 0.239746 0.056641 0.059570
0 0.906250 0.748047 0.066406 0.050781
0 0.129395 0.924316 0.053711 0.079102
0 0.517578 0.776855 0.039062 0.071289
0 0.703613 0.492676 0.053711 0.067383
0 0.608398 0.130371 0.054688 0.055664
0 0.942871 0.202637 0.065430 0.071289
0 0.770996 0.077148 0.071289 0.072266
0 0.666016 0.878906 0.050781 0.064453
0 0.081055 0.499023 0.064453 0.064453
0 0.061035 0.416016 0.067383 0.068359
0 0.245117 0.375000 0.062500 0.064453
0 0.421875 0.531250 0.060547 0.066406
0 0.334961 0.144043 0.064453 0.063477
0 0.675781 0.400879 0.062500 0.049805
0 0.414062 0.812500 0.054688 0.066406
0 0.617676 0.406738 0.071289 0.047852
0 0.270020 0.516113 0.057617 0.061523
0 0.274414 0.076172 0.062500 0.060547
0 0.645020 0.828125 0.061523 0.054688
0 0.657715 0.736816 0.051758 0.051758
0 0.030273 0.663086 0.054688 0.050781
0 0.886230 0.892578 0.061523 0.066406
0 0.621094 0.461426 0.064453 0.038086
0 0.245605 0.254883 0.061523 0.080078
0 0.053711 0.955566 0.068359 0.055664
0 0.791992 0.515137 0.054688 0.053711
0 0.577148 0.518066 0.048828 0.057617
0 0.681641 0.358887 0.046875 0.036133
0 0.373535 0.906738 0.065430 0.065430
0 0.871094 0.625000 0.064453 0.078125
0 0.147949 0.365234 0.067383 0.060547
0 0.256836 0.700684 0.056641 0.045898
0 0.428711 0.137207 0.052734 0.051758
0 0.059082 0.229980 0.067383 0.067383
0 0.335938 0.645996 0.078125 0.063477
0 0.036133 0.273438 0.064453 0.050781
0 0.175293 0.736816 0.067383 0.073242
0 0.781250 0.559570 0.056641 0.044922
0 0.681641 0.807617 0.056641 0.046875
0 0.060059 0.741699 0.059570 0.045898
0 0.964844 0.663086 0.056641 0.050781
0 0.083496 0.052734 0.055664 0.056641
0 0.613281 0.633789 0.068359 0.076172
0 0.476074 0.472656 0.065430 0.068359
0 0.070312 0.173340 0.054688 0.047852
0 0.105957 0.854492 0.061523 0.074219
0 0.062988 0.616699 0.055664 0.059570
0 0.905273 0.669922 0.074219 0.048828
0 0.723145 0.190918 0.059570 0.069336
0 0.192383 0.895508 0.039062 0.064453
0 0.707031 0.285156 0.062500 0.052734
0 0.309570 0.728027 0.056641 0.061523
0 0.249512 0.636719 0.049805 0.056641
0 0.165527 0.840332 0.069336 0.057617
0 0.296875 0.230469 0.052734 0.066406
0 0.539551 0.689941 0.071289 0.061523
0 0.422363 0.578125 0.063477 0.048828
0 0.251465 0.909668 0.053711 0.051758
0 0.416992 0.090332 0.062500 0.059570
0 0.716309 0.633301 0.038086 0.051758
0 0.942871 0.372070 0.059570 0.054688
0 0.037109 0.853027 0.054688 0.051758